2370
3063
2991
1261
3326
7872
6930
4627
4592
770
4327
7133
4497
2569
1456
2118
6526
4458
1997
5936
5551
6102
3079
1848
9452
1045
2001
3090
2418
749
938
5303
211
9413
5677
7737
5584
2336
8556
9994
6122
8155
6233
8790
3587
9060
5041
3017
7036
6262
1564
3725
7114
2552
905
1568
6966
9703
7878
8297
86
171
678
9231
876
9066
9033
7832
9299
1096
5019
3094
5023
433
7739
121
4051
2529
8061
3665
3095
2835
5339
9177
4944
5415
3926
495
3869
3396
8978
1404
7744
6278
5261
6680
5578
155
6709
6582
7792
9618
983
1827
5628
3569
2532
4437
5571
7871
6385
9829
4743
9730
4664
5049
5929
8477
7754
8326
4163
1834
2797
9879
7893
3829
3752
1852
3288
8887
393
999
8503
591
9178
6708
5592
3549
4465
3395
7371
2775
3131
2489
6971
3400
7015
7599
3565
4471
2156
5487
3040
9675
9458
9163
5693
9236
5113
8397
2062
7717
9333
255
4598
943
9588
540
4756
3729
410
9956
1343
1861
7472
9006
5478
7605
8120
8948
6084
9305
6353
2659
2089
6487
8621
3895
2400
5654
4830
5838
8026
1890
5983
6809
2806
6803
4779
7766
1978
8358
2766
4222
9014
669
3804
3903
1919
4424
1617
7824
3796
4525
8411
5437
3279
4098
2073
5026
2178
8471
3598
747
5897
3937
9835
7944
3536
5512
2021
6117
7521
1873
8504
4544
4799
4970
3858
5674
2200
1159
1086
8863
5721
5671
883
3699
4536
8853
3111
7413
4012
9923
1321
6403
8304
5367
6153
735
2050
82
6730
3018
8585
7442
7026
2079
3720
5386
5594
8248
7124
4029
649
6236
4788
2416
6860
6112
9344
4196
4077
3793
3181
4832
3635
683
2980
7131
9856
169
4007
5541
8991
2027
1073
3504
2932
7538
